Поколение:  0 . Лучший индивидуум =  0 1 0 1 0 0 1 1 0 1 1 0 0 0 0 1 0 0 1 0 1 0 1 1 0 0 0 1 1 1 0 с psl  4 

Поколение:  1 . Лучший индивидуум =  0 1 0 1 0 0 1 1 0 1 1 0 0 0 0 1 0 0 1 0 1 0 1 1 0 0 0 1 1 1 0 с psl  4 

Поколение:  2 . Лучший индивидуум =  0 1 0 1 0 0 1 1 0 1 1 0 0 0 0 1 0 0 1 0 1 0 1 1 0 0 0 1 1 1 0 с psl  4 

Поколение:  3 . Лучший индивидуум =  0 1 0 1 0 0 1 1 0 1 1 0 0 0 0 1 0 0 1 0 1 0 1 1 0 0 0 1 1 1 0 с psl  4 

Поколение:  4 . Лучший индивидуум =  0 1 0 1 0 0 1 1 0 1 1 0 0 0 0 1 0 0 1 0 1 0 1 1 0 0 0 1 1 1 0 с psl  4 

Поколение:  5 . Лучший индивидуум =  0 1 0 1 0 0 1 1 0 1 1 0 0 0 0 1 0 0 1 0 1 0 1 1 0 0 0 1 1 1 0 с psl  4 

Поколение:  6 . Лучший индивидуум =  0 0 1 1 1 1 1 0 1 1 0 1 0 0 1 0 1 0 0 1 0 0 0 1 0 1 0 1 1 1 0 с psl  4 

Поколение:  7 . Лучший индивидуум =  0 1 0 1 0 0 1 1 0 1 1 0 0 0 0 1 0 0 1 0 1 0 1 1 0 0 0 1 1 1 0 с psl  4 

Поколение:  8 . Лучший индивидуум =  0 1 0 1 0 0 1 1 0 1 1 0 0 0 0 1 0 0 1 0 1 0 1 1 0 0 0 1 1 1 0 с psl  4 

Поколение:  9 . Лучший индивидуум =  0 1 0 1 0 0 1 1 0 1 1 0 0 0 0 1 0 0 1 0 1 0 1 1 0 0 0 1 1 1 0 с psl  4 

Поколение:  10 . Лучший индивидуум =  0 1 0 1 0 0 1 1 0 1 1 0 0 0 0 1 0 0 1 0 1 0 1 1 0 0 0 1 1 1 0 с psl  4 

Поколение:  11 . Лучший индивидуум =  0 1 0 1 0 0 1 1 0 1 1 0 0 0 0 1 0 0 1 0 1 0 1 1 0 0 0 1 1 1 0 с psl  4 

Поколение:  12 . Лучший индивидуум =  0 1 0 1 0 0 1 1 0 1 1 0 0 0 0 1 0 0 1 0 1 0 1 1 0 0 0 1 1 1 0 с psl  4 

Поколение:  13 . Лучший индивидуум =  0 1 0 1 0 0 1 1 0 1 1 0 0 0 0 1 0 0 1 0 1 0 1 1 0 0 0 1 1 1 0 с psl  4 

Поколение:  14 . Лучший индивидуум =  0 1 0 1 0 0 1 1 0 1 1 0 0 0 0 1 0 0 1 0 1 0 1 1 0 0 0 1 1 1 0 с psl  4 

Поколение:  15 . Лучший индивидуум =  0 1 0 1 0 0 1 1 0 1 1 0 0 0 0 1 0 0 1 0 1 0 1 1 0 0 0 1 1 1 0 с psl  4 

Поколение:  16 . Лучший индивидуум =  0 1 0 1 0 0 1 1 0 1 1 0 0 0 0 1 0 0 1 0 1 0 1 1 0 0 0 1 1 1 0 с psl  4 

Поколение:  17 . Лучший индивидуум =  0 1 0 1 0 0 1 1 0 1 1 0 0 0 0 1 0 0 1 0 1 0 1 1 0 0 0 1 1 1 0 с psl  4 

Поколение:  18 . Лучший индивидуум =  0 1 0 1 0 0 1 1 0 1 1 0 0 0 0 1 0 0 1 0 1 0 1 1 0 0 0 1 1 1 0 с psl  4 

Поколение:  19 . Лучший индивидуум =  0 1 0 1 0 0 1 1 0 1 1 0 0 0 0 1 0 0 1 0 1 0 1 1 0 0 0 1 1 1 0 с psl  4 

Поколение:  20 . Лучший индивидуум =  0 1 0 1 0 0 1 1 0 1 1 0 0 0 0 1 0 0 1 0 1 0 1 1 0 0 0 1 1 1 0 с psl  4 

Поколение:  21 . Лучший индивидуум =  0 1 0 1 0 0 1 1 0 1 1 0 0 0 0 1 0 0 1 0 1 0 1 1 0 0 0 1 1 1 0 с psl  4 

Поколение:  22 . Лучший индивидуум =  0 1 0 1 0 0 1 1 0 1 1 0 0 0 0 1 0 0 1 0 1 0 1 1 0 0 0 1 1 1 0 с psl  4 

Поколение:  23 . Лучший индивидуум =  0 1 0 1 0 0 1 1 0 1 1 0 0 0 0 1 0 0 1 0 1 0 1 1 0 0 0 1 1 1 0 с psl  4 

Поколение:  24 . Лучший индивидуум =  0 1 0 1 0 0 1 1 0 1 1 0 0 0 0 1 0 0 1 0 1 0 1 1 0 0 0 1 1 1 0 с psl  4 

Поколение:  25 . Лучший индивидуум =  0 1 0 0 1 0 0 1 0 0 0 1 0 0 0 1 1 1 0 1 0 1 0 1 1 0 1 0 1 1 1 с psl  3 

Поколение:  26 . Лучший индивидуум =  0 1 0 0 1 0 0 1 0 0 0 1 0 0 0 1 1 1 0 1 0 1 0 1 1 0 1 0 1 1 1 с psl  3 

Поколение:  27 . Лучший индивидуум =  0 1 0 0 1 0 0 1 0 0 0 1 0 0 0 1 1 1 0 1 0 1 0 1 1 0 1 0 1 1 1 с psl  3 

Поколение:  28 . Лучший индивидуум =  0 1 0 0 1 0 0 1 0 0 0 1 0 0 0 1 1 1 0 1 0 1 0 1 1 0 1 0 1 1 1 с psl  3 

Поколение:  29 . Лучший индивидуум =  0 1 0 0 1 0 0 1 0 0 0 1 0 0 0 1 1 1 0 1 0 1 0 1 1 0 1 0 1 1 1 с psl  3 

Поколение:  30 . Лучший индивидуум =  0 1 0 0 1 0 0 1 0 0 0 1 0 0 0 1 1 1 0 1 0 1 0 1 1 0 1 0 1 1 1 с psl  3 

Поколение:  31 . Лучший индивидуум =  0 1 0 0 1 0 0 1 0 0 0 1 0 0 0 1 1 1 0 1 0 1 0 0 1 0 1 0 1 1 1 с psl  4 

Поколение:  32 . Лучший индивидуум =  0 1 0 0 1 0 0 1 0 0 0 1 0 0 0 1 1 1 0 1 0 1 0 0 1 0 1 0 1 1 1 с psl  4 

Поколение:  33 . Лучший индивидуум =  0 1 0 0 1 0 0 1 0 0 0 1 0 0 0 1 1 1 0 1 0 1 0 0 1 0 1 0 1 1 1 с psl  4 

Поколение:  34 . Лучший индивидуум =  0 1 0 0 1 0 0 1 0 0 0 1 0 0 0 1 1 1 0 1 0 1 0 0 1 0 1 0 1 1 1 с psl  4 

Поколение:  35 . Лучший индивидуум =  0 1 0 0 1 0 0 1 0 0 0 1 0 0 0 1 1 1 0 1 0 1 0 0 1 0 1 0 1 1 1 с psl  4 

Поколение:  36 . Лучший индивидуум =  0 1 0 0 1 0 0 1 0 0 0 1 0 0 0 1 1 1 0 1 0 1 0 0 1 0 1 0 1 1 1 с psl  4 

Поколение:  37 . Лучший индивидуум =  0 1 0 0 1 0 0 1 0 0 0 1 0 0 0 1 1 1 0 1 0 1 0 0 1 0 1 0 1 1 1 с psl  4 

Поколение:  38 . Лучший индивидуум =  0 1 0 0 1 0 0 1 0 0 0 1 0 0 0 1 1 1 0 1 0 1 0 0 1 0 1 0 1 1 1 с psl  4 

Поколение:  39 . Лучший индивидуум =  0 1 0 0 1 0 0 1 0 0 0 1 0 0 0 1 1 1 0 1 0 1 0 0 1 0 1 0 1 1 1 с psl  4 

Поколение:  40 . Лучший индивидуум =  0 1 0 0 1 0 0 1 0 0 0 1 0 0 0 1 1 1 0 1 0 1 0 0 1 0 1 0 1 1 1 с psl  4 

Поколение:  41 . Лучший индивидуум =  0 1 0 0 1 0 0 1 0 0 0 1 0 0 0 1 1 1 0 1 0 1 0 0 1 0 1 0 1 1 1 с psl  4 

Поколение:  42 . Лучший индивидуум =  0 1 0 0 1 0 0 1 0 0 0 1 0 0 0 1 1 1 0 1 0 1 0 0 1 0 1 0 1 1 1 с psl  4 

Поколение:  43 . Лучший индивидуум =  0 1 0 0 1 0 0 1 0 0 0 1 0 0 0 1 1 1 0 1 0 1 0 0 1 0 1 0 1 1 1 с psl  4 

Поколение:  44 . Лучший индивидуум =  0 1 0 1 0 1 1 1 1 1 1 0 0 0 0 1 1 1 1 0 1 0 1 1 0 1 1 0 0 1 1 с psl  4 

Поколение:  45 . Лучший индивидуум =  0 1 0 1 0 1 1 1 1 1 1 0 0 0 0 1 1 1 1 0 1 0 1 1 0 1 1 0 0 1 1 с psl  4 

Поколение:  46 . Лучший индивидуум =  0 1 0 1 0 1 1 1 1 1 1 0 0 0 0 1 1 1 1 0 1 0 1 1 0 1 1 0 0 1 1 с psl  4 

Поколение:  47 . Лучший индивидуум =  0 1 0 1 0 1 1 1 1 1 1 0 0 0 0 1 1 1 1 0 1 0 1 1 0 1 1 0 0 1 1 с psl  4 

Поколение:  48 . Лучший индивидуум =  0 1 0 1 0 1 1 1 1 1 1 0 0 0 0 1 1 1 1 0 1 0 1 1 0 1 1 0 0 1 1 с psl  4 

Поколение:  49 . Лучший индивидуум =  0 1 0 1 0 1 1 1 1 1 1 0 0 0 0 1 1 1 1 0 1 0 1 1 0 1 1 0 0 1 1 с psl  4 

Поколение:  50 . Лучший индивидуум =  0 1 0 1 0 1 1 1 1 1 1 0 0 0 0 1 1 1 1 0 1 0 1 1 0 1 1 0 0 1 1 с psl  4 

Поколение:  51 . Лучший индивидуум =  0 1 0 1 0 1 1 1 1 1 1 0 0 0 0 1 1 1 1 0 1 0 1 1 0 1 1 0 0 1 1 с psl  4 

Поколение:  52 . Лучший индивидуум =  0 1 0 1 0 1 1 1 1 1 1 0 0 0 0 1 1 1 1 0 1 0 1 1 0 1 1 0 0 1 1 с psl  4 

Поколение:  53 . Лучший индивидуум =  0 1 0 1 0 1 1 1 1 1 1 0 0 0 0 1 1 1 1 0 1 0 1 1 0 1 1 0 0 1 1 с psl  4 

Поколение:  54 . Лучший индивидуум =  0 1 0 0 1 0 0 1 0 0 0 1 0 0 0 1 1 1 0 1 0 1 0 0 1 0 1 0 1 1 0 с psl  5 

Поколение:  55 . Лучший индивидуум =  0 0 1 0 0 0 1 0 0 1 0 1 1 1 0 1 0 1 1 0 0 0 1 0 1 0 0 0 1 1 1 с psl  5 

Поколение:  56 . Лучший индивидуум =  0 0 1 0 0 0 1 0 0 1 0 1 1 1 0 1 0 1 1 0 0 0 1 0 1 0 0 0 1 1 1 с psl  5 

Поколение:  57 . Лучший индивидуум =  0 0 1 0 0 0 1 0 0 1 0 1 1 1 0 1 0 1 0 1 1 0 1 1 0 0 0 0 1 1 0 с psl  4 

Поколение:  58 . Лучший индивидуум =  0 1 0 0 1 0 0 1 0 0 0 1 0 0 0 1 1 1 0 1 0 1 0 0 1 0 1 0 1 1 0 с psl  5 

Поколение:  59 . Лучший индивидуум =  0 1 0 0 1 0 0 1 0 0 0 1 0 0 0 1 1 1 0 1 0 1 0 0 1 0 1 0 1 1 0 с psl  5 

Поколение:  60 . Лучший индивидуум =  0 0 1 1 0 0 1 1 0 1 0 1 0 1 1 0 0 1 0 1 1 1 1 1 0 0 1 0 0 0 0 с psl  3 

Поколение:  61 . Лучший индивидуум =  0 0 1 1 0 0 1 1 0 1 0 1 0 1 1 0 0 1 0 1 1 1 1 1 0 0 1 0 0 0 0 с psl  3 

Поколение:  62 . Лучший индивидуум =  0 0 1 1 0 0 1 1 0 1 0 1 0 1 1 0 0 1 0 1 1 1 1 1 0 0 1 0 0 0 0 с psl  3 

Поколение:  63 . Лучший индивидуум =  0 0 1 1 0 0 1 1 0 1 0 1 0 1 1 0 0 1 0 1 1 1 1 1 0 0 1 0 0 0 0 с psl  3 

Поколение:  64 . Лучший индивидуум =  0 0 1 1 0 0 1 1 0 1 0 1 0 1 1 0 0 1 0 1 1 1 1 1 0 0 1 0 0 0 0 с psl  3 

Поколение:  65 . Лучший индивидуум =  0 0 1 1 0 0 1 1 0 1 0 1 0 1 1 0 0 1 0 1 1 1 1 1 0 0 1 0 0 0 0 с psl  3 

Поколение:  66 . Лучший индивидуум =  0 0 1 0 0 0 1 0 0 1 0 1 1 1 0 1 1 1 1 0 0 0 0 0 1 0 0 0 1 1 1 с psl  5 

Поколение:  67 . Лучший индивидуум =  1 1 1 0 1 1 0 0 0 1 1 1 0 1 1 0 0 0 1 0 1 1 0 0 1 0 1 0 0 0 0 с psl  4 

Поколение:  68 . Лучший индивидуум =  1 1 1 0 1 1 0 0 0 1 1 1 0 1 1 0 0 0 1 0 1 1 0 0 1 0 1 0 0 0 0 с psl  4 

Поколение:  69 . Лучший индивидуум =  0 1 0 1 0 0 0 1 0 0 1 0 1 1 1 1 0 0 1 0 0 0 1 1 1 0 0 1 1 1 0 с psl  4 

Поколение:  70 . Лучший индивидуум =  0 1 0 1 0 0 0 1 0 0 1 0 1 1 1 1 0 0 1 0 0 0 1 1 1 0 0 1 1 1 0 с psl  4 

Поколение:  71 . Лучший индивидуум =  0 1 0 1 0 0 0 1 0 0 1 0 1 1 1 1 0 0 1 0 0 0 1 1 1 0 0 1 1 1 0 с psl  4 

Поколение:  72 . Лучший индивидуум =  0 1 0 1 0 0 0 1 0 0 1 0 1 1 1 1 0 0 1 0 0 0 1 1 1 0 0 1 1 1 0 с psl  4 

Поколение:  73 . Лучший индивидуум =  0 1 0 1 0 0 0 1 0 0 1 0 1 1 1 1 0 0 1 0 0 0 1 1 1 0 0 1 1 1 0 с psl  4 

Поколение:  74 . Лучший индивидуум =  0 1 0 1 0 0 0 1 0 0 1 0 1 1 1 1 0 0 1 0 0 0 1 1 1 0 0 1 1 1 0 с psl  4 

Поколение:  75 . Лучший индивидуум =  0 1 0 1 0 0 0 1 0 0 1 0 1 1 1 1 0 0 1 0 0 0 1 1 1 0 0 1 1 1 0 с psl  4 

Поколение:  76 . Лучший индивидуум =  0 1 0 1 0 0 0 1 0 0 1 0 1 1 1 1 0 0 1 0 0 0 1 1 1 0 0 1 1 1 0 с psl  4 

Поколение:  77 . Лучший индивидуум =  0 1 0 1 0 0 0 1 0 0 1 0 1 1 1 1 0 0 1 0 0 0 1 1 1 0 0 1 1 1 0 с psl  4 

Поколение:  78 . Лучший индивидуум =  0 1 0 1 0 0 0 1 0 0 1 0 1 1 1 1 0 0 1 0 0 0 1 1 1 0 0 1 1 1 0 с psl  4 

Поколение:  79 . Лучший индивидуум =  0 1 0 1 0 0 0 1 0 0 1 0 1 1 1 1 0 0 1 0 0 0 1 1 1 0 0 1 1 1 0 с psl  4 

Поколение:  80 . Лучший индивидуум =  0 1 0 1 0 0 0 1 0 0 1 0 1 1 1 1 0 0 1 0 0 0 1 1 1 0 0 1 1 1 0 с psl  4 

Поколение:  81 . Лучший индивидуум =  1 0 0 1 0 1 0 1 1 0 1 1 1 1 1 1 0 0 0 0 0 1 1 0 0 0 1 1 1 0 1 с psl  4 

Поколение:  82 . Лучший индивидуум =  1 0 0 1 0 1 0 1 1 0 1 1 1 1 1 1 0 0 0 0 0 1 1 0 0 0 1 1 1 0 1 с psl  4 

Поколение:  83 . Лучший индивидуум =  1 0 0 1 0 1 0 1 1 0 1 1 1 1 1 1 0 0 0 0 0 1 1 0 0 0 1 1 1 0 1 с psl  4 

Поколение:  84 . Лучший индивидуум =  1 0 0 1 0 1 0 1 1 0 1 1 1 1 1 1 0 0 0 0 0 1 1 0 0 0 1 1 1 0 1 с psl  4 

Поколение:  85 . Лучший индивидуум =  1 0 0 1 0 1 0 1 1 0 1 1 1 1 1 1 0 0 0 0 0 1 1 0 0 0 1 1 1 0 1 с psl  4 

Поколение:  86 . Лучший индивидуум =  1 0 0 1 0 1 0 1 1 0 1 1 1 1 1 1 0 0 0 0 0 1 1 0 0 0 1 1 1 0 1 с psl  4 

Поколение:  87 . Лучший индивидуум =  1 0 0 1 0 1 0 1 1 0 1 1 1 1 1 1 0 0 0 0 0 1 1 0 0 0 1 1 1 0 1 с psl  4 

Поколение:  88 . Лучший индивидуум =  1 0 0 1 0 1 0 1 1 0 1 1 1 1 1 1 0 0 0 0 0 1 1 0 0 0 1 1 1 0 1 с psl  4 

Поколение:  89 . Лучший индивидуум =  1 0 0 1 0 1 0 1 1 0 1 1 1 1 1 1 0 0 0 0 0 1 1 0 0 0 1 1 1 0 1 с psl  4 

Поколение:  90 . Лучший индивидуум =  1 0 0 1 0 1 0 1 1 0 1 1 1 1 1 1 0 0 0 0 0 1 1 0 0 0 1 1 1 0 1 с psl  4 

Поколение:  91 . Лучший индивидуум =  1 0 0 1 0 1 0 1 1 0 1 1 1 1 1 1 0 0 0 0 0 1 1 0 0 0 1 1 1 0 1 с psl  4 

Поколение:  92 . Лучший индивидуум =  1 0 0 1 0 1 0 1 1 0 1 1 1 1 1 1 0 0 0 0 0 1 1 0 0 0 1 1 1 0 1 с psl  4 

Поколение:  93 . Лучший индивидуум =  1 0 0 1 0 1 0 1 1 0 1 1 1 1 1 1 0 0 0 0 0 1 1 0 0 0 1 1 1 0 1 с psl  4 

Поколение:  94 . Лучший индивидуум =  1 0 0 1 0 1 0 1 1 0 1 1 1 1 1 1 0 0 0 0 0 1 1 0 0 0 1 1 1 0 1 с psl  4 

Поколение:  95 . Лучший индивидуум =  1 0 0 1 0 1 0 1 1 0 1 1 1 1 1 1 0 0 0 0 0 1 1 0 0 0 1 1 1 0 1 с psl  4 

Поколение:  96 . Лучший индивидуум =  1 0 0 1 0 1 0 1 1 0 1 1 1 1 1 1 0 0 0 0 0 1 1 0 0 0 1 1 1 0 1 с psl  4 

Поколение:  97 . Лучший индивидуум =  1 0 0 1 0 1 0 1 1 0 1 1 1 1 1 1 0 0 0 0 0 1 1 0 0 0 1 1 1 0 1 с psl  4 

Поколение:  98 . Лучший индивидуум =  1 1 0 0 0 1 1 1 1 1 0 0 0 0 1 0 0 0 1 0 0 1 1 0 1 1 0 1 0 1 1 с psl  5 

Поколение:  99 . Лучший индивидуум =  0 0 0 0 1 1 1 0 1 1 1 1 0 1 0 0 1 1 0 0 0 1 0 0 1 0 1 1 0 1 1 с psl  4 

Поколение:  100 . Лучший индивидуум =  0 0 0 0 1 1 1 0 1 1 1 1 0 1 0 0 1 1 0 0 0 1 0 0 1 0 1 1 0 1 1 с psl  4 

Поколение:  101 . Лучший индивидуум =  0 0 0 0 1 1 1 0 1 1 1 1 0 1 0 0 1 1 0 0 0 1 0 0 1 0 1 1 0 1 1 с psl  4 

Поколение:  102 . Лучший индивидуум =  0 1 1 0 1 1 1 1 1 1 0 1 0 1 0 1 1 0 0 0 0 0 0 1 1 1 0 0 1 0 0 с psl  4 

Поколение:  103 . Лучший индивидуум =  0 1 1 0 1 1 1 1 1 1 0 1 0 1 0 1 1 0 0 0 0 0 0 1 1 1 0 0 1 0 0 с psl  4 

Поколение:  104 . Лучший индивидуум =  0 1 1 0 1 1 1 1 1 1 0 1 0 1 0 1 1 0 0 0 0 0 0 1 1 1 0 0 1 0 0 с psl  4 

Поколение:  105 . Лучший индивидуум =  0 1 1 0 1 1 1 1 1 1 0 1 0 1 0 1 1 0 0 0 0 0 0 1 1 1 0 0 1 0 0 с psl  4 

Поколение:  106 . Лучший индивидуум =  0 1 1 0 1 1 1 1 1 1 0 1 0 1 0 1 1 0 0 0 0 0 0 1 1 1 0 0 1 0 0 с psl  4 

Поколение:  107 . Лучший индивидуум =  0 1 1 0 1 1 1 1 1 1 0 1 0 1 0 1 1 0 0 0 0 0 0 1 1 1 0 0 1 0 0 с psl  4 

Поколение:  108 . Лучший индивидуум =  1 0 0 1 0 0 0 0 1 0 0 0 1 0 1 0 0 1 1 1 1 1 1 1 0 0 0 0 0 1 0 с psl  5 

Поколение:  109 . Лучший индивидуум =  1 0 0 1 0 0 0 0 1 0 0 0 1 0 1 0 0 1 1 1 1 1 1 1 0 0 0 0 0 1 0 с psl  5 

Поколение:  110 . Лучший индивидуум =  1 0 0 1 0 0 0 0 1 0 0 0 1 0 1 0 0 1 1 1 1 1 1 1 0 0 0 0 0 1 0 с psl  5 

Поколение:  111 . Лучший индивидуум =  1 0 0 1 0 0 0 0 1 0 0 0 1 0 1 0 0 1 1 1 1 1 1 1 0 0 0 0 0 1 0 с psl  5 

Поколение:  112 . Лучший индивидуум =  1 0 0 1 0 0 0 0 1 0 0 0 1 0 1 0 0 1 1 1 1 1 1 1 0 0 0 0 0 1 0 с psl  5 

Поколение:  113 . Лучший индивидуум =  1 0 0 1 0 0 0 0 1 0 0 0 1 0 1 0 0 1 1 1 0 1 1 1 0 0 0 0 0 1 0 с psl  5 

Поколение:  114 . Лучший индивидуум =  1 0 0 1 0 0 0 0 1 0 0 0 1 0 1 0 0 1 1 1 0 1 1 1 0 0 0 0 0 1 0 с psl  5 

Поколение:  115 . Лучший индивидуум =  1 0 0 1 0 0 0 0 1 0 0 0 1 0 1 0 0 1 1 1 0 1 1 1 0 0 0 0 0 1 0 с psl  5 

Поколение:  116 . Лучший индивидуум =  1 0 0 1 0 0 0 0 1 0 0 0 1 0 1 0 0 1 1 1 0 1 1 1 0 0 0 0 0 1 0 с psl  5 

Поколение:  117 . Лучший индивидуум =  1 0 0 1 0 0 0 0 1 0 0 0 1 0 1 0 0 1 1 1 0 1 1 1 0 0 0 0 0 1 0 с psl  5 

Поколение:  118 . Лучший индивидуум =  1 1 0 1 1 1 1 1 0 0 0 1 1 0 0 0 1 1 0 1 0 0 0 0 0 0 1 0 1 0 1 с psl  4 

Поколение:  119 . Лучший индивидуум =  1 1 0 1 1 1 1 1 0 0 0 1 1 0 0 0 1 1 0 1 0 0 0 0 0 0 1 0 1 0 1 с psl  4 

Поколение:  120 . Лучший индивидуум =  1 1 0 1 1 1 1 1 0 0 0 1 1 0 0 0 1 1 0 1 0 0 0 0 0 0 1 0 1 0 1 с psl  4 

Поколение:  121 . Лучший индивидуум =  1 1 0 1 1 1 1 1 0 0 0 1 1 0 0 0 1 1 0 1 0 0 0 0 0 0 1 0 1 0 1 с psl  4 

Поколение:  122 . Лучший индивидуум =  1 1 0 1 1 1 1 1 0 0 0 1 1 0 0 0 1 1 0 1 0 0 0 0 0 0 1 0 1 0 1 с psl  4 

Поколение:  123 . Лучший индивидуум =  1 1 0 1 1 1 1 1 0 0 0 1 1 0 0 0 1 1 0 1 0 0 0 0 0 0 1 0 1 0 1 с psl  4 

Поколение:  124 . Лучший индивидуум =  1 1 0 1 1 1 1 1 0 0 0 1 1 0 0 0 1 1 0 1 0 0 0 0 0 0 1 0 1 0 1 с psl  4 

Поколение:  125 . Лучший индивидуум =  1 1 0 1 1 1 1 1 0 0 0 1 1 0 0 0 1 1 0 1 0 0 0 0 0 0 1 0 1 0 1 с psl  4 

Поколение:  126 . Лучший индивидуум =  1 1 0 1 1 1 1 1 0 0 0 1 1 0 0 0 1 1 0 1 0 0 0 0 0 0 1 0 1 0 1 с psl  4 

Поколение:  127 . Лучший индивидуум =  0 1 0 0 0 1 0 1 0 0 0 1 1 0 1 1 1 1 1 1 0 0 1 0 0 0 0 1 0 1 1 с psl  4 

Поколение:  128 . Лучший индивидуум =  0 1 0 0 0 1 0 1 0 0 0 1 1 0 1 1 1 1 1 1 0 0 1 0 0 0 0 1 0 1 1 с psl  4 

Поколение:  129 . Лучший индивидуум =  0 1 0 0 0 1 0 1 0 0 0 1 1 0 1 1 1 1 1 1 0 0 1 0 0 0 0 1 0 1 1 с psl  4 

Поколение:  130 . Лучший индивидуум =  0 1 0 0 0 1 0 1 0 0 0 1 1 0 1 1 1 1 1 1 0 0 1 0 0 0 0 1 0 1 1 с psl  4 

Поколение:  131 . Лучший индивидуум =  0 1 0 0 0 1 0 1 0 0 0 1 1 0 1 1 1 1 1 1 0 0 1 0 0 0 0 1 0 1 1 с psl  4 

Поколение:  132 . Лучший индивидуум =  1 0 0 1 0 0 1 0 1 0 0 0 1 1 1 0 0 1 1 1 0 1 1 0 0 0 0 0 0 1 1 с psl  3 

Поколение:  133 . Лучший индивидуум =  1 0 0 1 0 0 1 0 1 0 0 0 1 1 1 0 0 1 1 1 0 1 1 0 0 0 0 0 0 1 1 с psl  3 

Поколение:  134 . Лучший индивидуум =  1 0 0 1 0 0 1 0 1 0 0 0 1 1 1 0 0 1 1 1 0 1 1 0 0 0 0 0 0 1 1 с psl  3 

Поколение:  135 . Лучший индивидуум =  1 0 0 1 0 0 1 0 1 0 0 0 1 1 1 0 0 1 1 1 0 1 1 0 0 0 0 0 0 1 1 с psl  3 

Поколение:  136 . Лучший индивидуум =  1 0 0 1 0 0 1 0 1 0 0 0 1 1 1 0 0 1 1 1 0 1 1 0 0 0 0 0 0 1 1 с psl  3 

Поколение:  137 . Лучший индивидуум =  1 0 0 1 0 0 1 0 1 0 0 0 1 1 1 0 0 1 1 1 0 1 1 0 0 0 0 0 0 1 1 с psl  3 

Поколение:  138 . Лучший индивидуум =  1 0 0 1 0 0 1 0 1 0 0 0 1 1 1 0 0 1 1 1 0 1 1 0 0 0 0 0 0 1 1 с psl  3 

Поколение:  139 . Лучший индивидуум =  1 0 0 1 0 0 1 0 1 0 0 0 1 1 1 0 0 1 1 1 0 1 1 0 0 0 0 0 0 1 1 с psl  3 

Поколение:  140 . Лучший индивидуум =  1 0 0 1 0 0 1 0 1 0 0 0 1 1 1 0 0 1 1 1 0 1 1 0 0 0 0 0 0 1 1 с psl  3 

Поколение:  141 . Лучший индивидуум =  1 1 0 1 0 0 1 0 1 0 0 0 1 1 1 0 0 1 1 1 0 1 1 0 0 0 0 0 0 1 1 с psl  5 

Поколение:  142 . Лучший индивидуум =  1 1 0 1 0 0 1 0 1 0 0 0 1 1 1 0 0 1 1 1 0 1 1 0 0 0 0 0 0 1 1 с psl  5 

Поколение:  143 . Лучший индивидуум =  1 0 0 0 0 1 0 1 1 1 0 0 0 0 1 0 0 0 1 1 0 1 1 0 1 1 1 0 0 1 0 с psl  4 

Поколение:  144 . Лучший индивидуум =  1 0 0 0 0 1 0 1 1 1 0 0 0 0 1 0 0 0 1 1 0 1 1 0 1 1 1 0 0 1 0 с psl  4 

Поколение:  145 . Лучший индивидуум =  1 0 0 0 0 1 0 1 1 1 0 0 0 0 1 0 0 0 1 1 0 1 1 0 1 1 1 0 0 1 0 с psl  4 

Поколение:  146 . Лучший индивидуум =  1 0 0 0 0 1 0 1 1 1 0 0 0 0 1 0 0 0 1 1 0 1 1 0 1 1 1 0 0 1 0 с psl  4 

Поколение:  147 . Лучший индивидуум =  1 1 0 1 0 0 1 0 1 0 0 0 1 1 1 0 0 1 1 1 0 1 1 0 0 1 0 0 0 1 1 с psl  4 

Поколение:  148 . Лучший индивидуум =  1 1 0 1 0 0 1 0 1 0 0 0 1 1 1 0 0 1 1 1 0 1 1 0 0 1 0 0 0 1 1 с psl  4 

Поколение:  149 . Лучший индивидуум =  1 1 0 1 0 0 1 0 1 0 0 0 1 1 1 0 0 1 1 1 0 1 1 0 0 1 0 0 0 1 1 с psl  4 

Поколение:  150 . Лучший индивидуум =  1 1 0 1 0 0 1 0 1 0 0 0 1 1 1 0 0 1 1 1 0 1 1 0 0 1 0 0 0 1 0 с psl  4 

Поколение:  151 . Лучший индивидуум =  1 1 0 1 0 0 1 0 1 0 0 0 1 1 1 0 0 1 1 1 0 1 1 0 0 1 0 0 0 1 0 с psl  4 

Поколение:  152 . Лучший индивидуум =  1 1 0 1 0 0 1 0 1 0 0 0 1 1 1 0 0 1 1 1 0 1 1 0 0 1 0 0 0 1 0 с psl  4 

Поколение:  153 . Лучший индивидуум =  1 1 0 1 0 0 1 0 1 0 0 0 1 1 1 0 0 1 1 1 0 1 1 0 0 1 0 0 0 1 0 с psl  4 

Поколение:  154 . Лучший индивидуум =  1 1 0 1 0 0 1 0 1 0 0 0 1 1 1 0 0 1 1 1 0 1 1 0 0 1 0 0 0 1 0 с psl  4 

Поколение:  155 . Лучший индивидуум =  1 1 0 1 0 0 1 0 1 0 0 0 1 1 1 0 0 1 1 1 0 1 1 0 0 1 0 0 0 1 0 с psl  4 

Поколение:  156 . Лучший индивидуум =  1 1 0 1 0 0 1 0 1 0 0 0 1 1 1 0 0 1 1 1 0 1 1 0 0 1 0 0 0 1 0 с psl  4 

Поколение:  157 . Лучший индивидуум =  1 1 0 1 0 0 1 0 1 0 0 0 1 1 1 0 0 1 1 1 0 1 1 0 0 1 0 0 0 1 0 с psl  4 

Поколение:  158 . Лучший индивидуум =  1 1 0 1 0 0 1 0 1 0 0 0 1 1 1 0 0 1 1 1 0 1 1 0 0 1 0 0 0 1 0 с psl  4 

Поколение:  159 . Лучший индивидуум =  1 1 0 1 0 0 1 0 1 0 0 0 1 1 1 0 0 0 1 1 1 1 1 0 0 1 0 0 0 1 1 с psl  4 

Поколение:  160 . Лучший индивидуум =  1 1 0 1 0 0 1 0 1 0 0 0 1 1 1 0 0 0 1 1 1 1 1 0 0 1 0 0 0 1 1 с psl  4 

Поколение:  161 . Лучший индивидуум =  1 1 0 1 0 0 1 0 1 0 0 0 1 1 1 0 0 0 1 1 1 1 1 0 0 1 0 0 0 1 1 с psl  4 

Поколение:  162 . Лучший индивидуум =  1 1 0 1 0 0 1 0 1 0 0 0 1 1 1 0 0 0 1 1 1 1 1 0 0 1 0 0 0 1 1 с psl  4 

Поколение:  163 . Лучший индивидуум =  1 1 0 1 0 0 1 0 1 0 0 0 1 1 1 0 0 0 1 1 1 1 1 0 0 1 0 0 0 1 1 с psl  4 

Поколение:  164 . Лучший индивидуум =  1 1 0 1 0 0 1 0 1 0 0 0 1 1 1 0 0 0 1 1 1 1 1 0 0 1 0 0 0 1 1 с psl  4 

Поколение:  165 . Лучший индивидуум =  1 1 0 1 0 0 1 0 1 0 0 0 1 1 1 0 0 0 1 1 1 1 1 0 0 1 0 0 0 1 1 с psl  4 

Поколение:  166 . Лучший индивидуум =  1 0 0 0 0 1 0 1 0 1 0 0 0 0 1 0 0 0 1 1 0 0 1 1 1 1 1 0 0 1 0 с psl  4 

Поколение:  167 . Лучший индивидуум =  1 0 0 0 0 1 0 1 0 1 0 0 0 0 1 0 0 0 1 1 0 0 1 1 1 1 1 0 0 1 0 с psl  4 

Поколение:  168 . Лучший индивидуум =  1 0 0 0 0 1 0 1 0 1 0 0 0 0 1 0 0 0 1 1 0 0 1 1 1 1 1 0 0 1 0 с psl  4 

Поколение:  169 . Лучший индивидуум =  1 0 0 1 0 1 1 1 1 0 1 1 0 1 1 0 0 0 0 0 1 1 1 0 0 1 1 0 0 0 1 с psl  4 

Поколение:  170 . Лучший индивидуум =  1 0 0 1 0 1 1 1 1 0 1 1 0 1 1 0 0 0 0 0 1 1 1 0 0 1 1 0 0 0 1 с psl  4 

Поколение:  171 . Лучший индивидуум =  1 0 0 1 0 1 1 1 1 0 1 1 0 1 1 0 0 0 0 0 1 1 1 0 0 1 1 0 0 0 1 с psl  4 

Поколение:  172 . Лучший индивидуум =  1 0 0 1 0 1 1 1 1 0 1 1 0 1 1 0 0 0 0 0 1 1 1 0 0 1 1 0 0 0 1 с psl  4 

Поколение:  173 . Лучший индивидуум =  1 0 0 1 0 1 1 1 1 0 1 1 0 1 1 0 0 0 0 0 1 1 1 0 0 1 1 0 0 0 1 с psl  4 

Поколение:  174 . Лучший индивидуум =  1 0 0 1 0 1 1 1 1 0 1 1 0 1 1 0 0 0 0 0 1 1 1 0 0 1 1 0 0 0 1 с psl  4 

Поколение:  175 . Лучший индивидуум =  1 0 0 1 0 1 1 1 1 0 1 1 0 1 1 0 0 0 0 0 1 1 1 0 0 1 1 0 0 0 1 с psl  4 

Поколение:  176 . Лучший индивидуум =  1 0 0 1 0 1 1 1 1 0 1 1 0 1 1 0 0 0 0 0 1 1 1 0 0 1 1 0 0 0 1 с psl  4 

Поколение:  177 . Лучший индивидуум =  0 0 0 1 0 1 1 1 1 0 0 0 1 1 0 0 0 1 0 0 0 0 1 0 0 1 0 0 1 1 0 с psl  4 

Поколение:  178 . Лучший индивидуум =  0 1 1 1 0 1 1 1 1 0 0 0 1 1 1 1 1 0 0 0 1 0 0 0 1 0 1 0 0 1 0 с psl  2 

Поколение:  179 . Лучший индивидуум =  0 1 1 1 0 1 1 1 1 0 0 0 1 1 1 1 1 0 0 0 1 0 0 0 1 0 1 0 0 1 0 с psl  2 

Поколение:  180 . Лучший индивидуум =  0 1 1 1 0 1 1 1 1 0 0 0 1 1 1 1 1 0 0 0 1 0 0 0 1 0 1 0 0 1 0 с psl  2 

Поколение:  181 . Лучший индивидуум =  0 1 1 1 0 1 1 1 1 0 0 0 1 1 1 1 1 0 0 0 1 0 0 0 1 0 1 0 0 1 0 с psl  2 

Поколение:  182 . Лучший индивидуум =  0 1 1 1 0 1 1 1 1 0 0 0 1 1 1 1 1 0 0 0 1 0 0 0 1 0 1 0 0 1 0 с psl  2 

Поколение:  183 . Лучший индивидуум =  0 1 1 1 0 1 1 1 1 0 0 0 1 1 1 1 1 0 0 0 1 0 0 0 1 0 1 0 0 1 0 с psl  2 

Поколение:  184 . Лучший индивидуум =  0 1 1 1 0 1 1 1 1 0 0 0 1 1 1 1 1 0 0 0 1 0 0 0 1 0 1 0 0 1 0 с psl  2 

Поколение:  185 . Лучший индивидуум =  0 1 1 1 0 1 1 1 1 0 0 0 1 1 1 1 1 0 0 0 1 0 0 0 1 0 1 0 0 1 0 с psl  2 

Поколение:  186 . Лучший индивидуум =  0 1 1 1 0 1 1 1 1 0 0 0 1 1 1 1 1 0 0 0 1 0 0 0 1 0 1 0 0 1 0 с psl  2 

